[21 21
 XXXXXXXXXXKXXXXXXXXXX
 XXXXXXXXX.G.XXXXXXXXX
 XXXXXXXX.....XXXXXXXX
 XXXXXXX.......XXXXXXX
 XXXXXX.........XXXXXX
 XXXXX...........XXXXX
 XXXX.............XXXX
 XXX...............XXX
 XX.................XX
 X...................X
 KG........S........GK
 X...................X
 XX.................XX
 XXX...............XXX
 XXXX.............XXXX
 XXXXX...........XXXXX
 XXXXXX.........XXXXXX
 XXXXXXX.......XXXXXXX
 XXXXXXXX.....XXXXXXXX
 XXXXXXXXX.G.XXXXXXXXX
 XXXXXXXXXXTXXXXXXXXXX]
DELAY: 0.0;PACMAN: 3,11;GHOSTS: [[3, 12], [11, 18], [12, 3], [19, 10]];KEYS: [[1, 11], [11, 1], [11, 21]]
DELAY: 3580.0;PACMAN: 3,12;GHOSTS: [[4, 12], [12, 18], [13, 3], [19, 11]];KEYS: [[1, 11], [11, 1], [11, 21]]
DELAY: 494.0;PACMAN: 4,12;GHOSTS: [[4, 11], [13, 4], [13, 18], [20, 11]];KEYS: [[1, 11], [11, 1], [11, 21]]
DELAY: 523.0;PACMAN: 5,12;GHOSTS: [[4, 10], [12, 18], [13, 5], [21, 11]];KEYS: [[1, 11], [11, 1], [11, 21]]
DELAY: 204.0;PACMAN: 6,12;GHOSTS: [[4, 9], [13, 18], [14, 5], [21, 11]];KEYS: [[1, 11], [11, 1], [11, 21]]
DELAY: 577.0;PACMAN: 7,12;GHOSTS: [[4, 10], [12, 18], [13, 5], [21, 11]];KEYS: [[1, 11], [11, 1], [11, 21]]
DELAY: 196.0;PACMAN: 8,12;GHOSTS: [[4, 11], [13, 18], [14, 5], [21, 11]];KEYS: [[1, 11], [11, 1], [11, 21]]
DELAY: 360.0;PACMAN: 9,12;GHOSTS: [[4, 12], [13, 17], [14, 4], [21, 11]];KEYS: [[1, 11], [11, 1], [11, 21]]
DELAY: 180.0;PACMAN: 10,12;GHOSTS: [[4, 11], [13, 4], [14, 17], [21, 11]];KEYS: [[1, 11], [11, 1], [11, 21]]
DELAY: 188.0;PACMAN: 10,13;GHOSTS: [[4, 10], [13, 17], [14, 4], [21, 11]];KEYS: [[1, 11], [11, 1], [11, 21]]
DELAY: 172.0;PACMAN: 10,14;GHOSTS: [[3, 10], [12, 17], [13, 4], [21, 11]];KEYS: [[1, 11], [11, 1], [11, 21]]
DELAY: 507.0;PACMAN: 10,15;GHOSTS: [[3, 9], [12, 4], [12, 16], [21, 11]];KEYS: [[1, 11], [11, 1], [11, 21]]
DELAY: 56.0;PACMAN: 10,16;GHOSTS: [[3, 9], [11, 4], [11, 16], [20, 11]];KEYS: [[1, 11], [11, 1], [11, 21]]
DELAY: 67.0;PACMAN: 10,17;GHOSTS: [[3, 9], [12, 4], [12, 16], [20, 12]];KEYS: [[1, 11], [11, 1], [11, 21]]
DELAY: 59.0;PACMAN: 10,18;GHOSTS: [[3, 9], [11, 4], [12, 15], [20, 11]];KEYS: [[1, 11], [11, 1], [11, 21]]
DELAY: 61.0;PACMAN: 10,19;GHOSTS: [[3, 9], [11, 15], [12, 4], [20, 10]];KEYS: [[1, 11], [11, 1], [11, 21]]
DELAY: 59.0;PACMAN: 10,20;GHOSTS: [[3, 9], [11, 16], [12, 3], [20, 11]];KEYS: [[1, 11], [11, 1], [11, 21]]
DELAY: 63.0;PACMAN: 10,20;GHOSTS: [[3, 9], [11, 17], [12, 2], [19, 11]];KEYS: [[1, 11], [11, 1], [11, 21]]
DELAY: 59.0;PACMAN: 10,20;GHOSTS: [[3, 9], [12, 2], [12, 17], [20, 11]];KEYS: [[1, 11], [11, 1], [11, 21]]
DELAY: 74.0;PACMAN: 10,19;GHOSTS: [[3, 9], [11, 17], [12, 2], [19, 11]];KEYS: [[1, 11], [11, 1], [11, 21]]
DELAY: 198.0;PACMAN: 10,18;GHOSTS: [[3, 9], [11, 2], [11, 16], [19, 12]];KEYS: [[1, 11], [11, 1], [11, 21]]
DELAY: 515.0;PACMAN: 10,17;GHOSTS: [[3, 10], [10, 16], [12, 2], [20, 12]];KEYS: [[1, 11], [11, 1], [11, 21]]
DELAY: 56.0;PACMAN: 10,16;GHOSTS: [[3, 11], [11, 16], [12, 3], [20, 11]];KEYS: [[1, 11], [11, 1], [11, 21]]
DELAY: 72.0;PACMAN: 11,16;GHOSTS: [[3, 12], [12, 16], [13, 3], [21, 11]];KEYS: [[1, 11], [11, 1], [11, 21]]
DELAY: 277.0;PACMAN: 12,16;GHOSTS: [[3, 13], [12, 3], [12, 17], [21, 11]];KEYS: [[1, 11], [11, 1], [11, 21]]
DELAY: 437.0;PACMAN: 13,16;GHOSTS: [[3, 13], [11, 3], [12, 18], [21, 11]];KEYS: [[1, 11], [11, 1], [11, 21]]
DELAY: 188.0;PACMAN: 14,16;GHOSTS: [[3, 13], [11, 4], [13, 18], [21, 11]];KEYS: [[1, 11], [11, 1], [11, 21]]
DELAY: 208.0;PACMAN: 14,17;GHOSTS: [[3, 13], [11, 5], [12, 18], [21, 11]];KEYS: [[1, 11], [11, 1], [11, 21]]
DELAY: 337.0;PACMAN: 14,18;GHOSTS: [[3, 13], [11, 4], [12, 19], [20, 11]];KEYS: [[1, 11], [11, 1], [11, 21]]
DELAY: 211.0;PACMAN: 13,18;GHOSTS: [[3, 13], [10, 4], [11, 19], [19, 11]];KEYS: [[1, 11], [11, 1], [11, 21]]
DELAY: 268.0;PACMAN: 12,18;GHOSTS: [[3, 12], [10, 5], [11, 20], [19, 12]];KEYS: [[1, 11], [11, 1], [11, 21]]
DELAY: 236.0;PACMAN: 11,18;GHOSTS: [[3, 11], [11, 5], [11, 21], [20, 12]];KEYS: [[1, 11], [11, 1], [11, 21]]
DELAY: 200.0;PACMAN: 10,18;GHOSTS: [[3, 10], [10, 5], [11, 20], [20, 12]];KEYS: [[1, 11], [11, 1], [11, 21]]
DELAY: 1275.0;PACMAN: 11,18;GHOSTS: [[3, 9], [10, 4], [12, 20], [20, 11]];KEYS: [[1, 11], [11, 1], [11, 21]]
DELAY: 745.0;PACMAN: 12,18;GHOSTS: [[3, 9], [10, 5], [11, 20], [20, 10]];KEYS: [[1, 11], [11, 1], [11, 21]]
DELAY: 388.0;PACMAN: 12,19;GHOSTS: [[3, 9], [10, 4], [11, 19], [19, 10]];KEYS: [[1, 11], [11, 1], [11, 21]]
DELAY: 388.0;PACMAN: 11,19;GHOSTS: [[3, 9], [10, 3], [10, 19], [19, 11]];KEYS: [[1, 11], [11, 1], [11, 21]]
DELAY: 460.0;PACMAN: 10,19;GHOSTS: [[3, 9], [9, 3], [9, 19], [18, 11]];KEYS: [[1, 11], [11, 1], [11, 21]]
DELAY: 436.0;PACMAN: 9,19;GHOSTS: [[4, 9], [9, 4], [9, 19], [17, 11]];KEYS: [[1, 11], [11, 1], [11, 21]]
DELAY: 368.0;PACMAN: 10,19;GHOSTS: [[5, 9], [9, 5], [10, 19], [18, 11]];KEYS: [[1, 11], [11, 1], [11, 21]]
DELAY: 1112.0;PACMAN: 9,19;GHOSTS: [[4, 9], [8, 5], [9, 19], [19, 11]];KEYS: [[1, 11], [11, 1], [11, 21]]
